ENTRY       K01728                      KO
SYMBOL      pel
NAME        pectate lyase [EC:4.2.2.2]
PATHWAY     map00040  Pentose and glucuronate interconversions
            map01100  Metabolic pathways
            map02024  Quorum sensing
BRITE       KEGG Orthology (KO) [BR:ko00001]
             09100 Metabolism
              09101 Carbohydrate metabolism
               00040 Pentose and glucuronate interconversions
                K01728  pel; pectate lyase
             09140 Cellular Processes
              09145 Cellular community - prokaryotes
               02024 Quorum sensing
                K01728  pel; pectate lyase
            Enzymes [BR:ko01000]
             4. Lyases
              4.2  Carbon-oxygen lyases
               4.2.2  Acting on polysaccharides
                4.2.2.2  pectate lyase
                 K01728  pel; pectate lyase
DBLINKS     RN: R02361 R06240
            GO: 0030570
GENES       SCLV: 120330349
            CNS: 116346170 116347162 116351768
            BCOO: 119066459 119073083 119073656 119081945 119082793 119083703 119085781
            FCD: 110843205 110850415 110857634 110862776
            ATH: AT1G04680 AT1G11920 AT1G14420(AT59) AT1G30350 AT1G67750 AT2G02720 AT3G01270 AT3G07010 AT3G09540 AT3G24230 AT3G24670 AT3G27400 AT3G53190 AT3G54920(PMR6) AT3G55140 AT4G13210 AT4G13710 AT4G22080(RHS14) AT4G22090 AT4G24780 AT5G04310 AT5G09280 AT5G15110 AT5G48900 AT5G55720 AT5G63180
            ALY: 9299340 9301763 9302184 9302612 9303867 9304413 9305776 9307156 9307436 9309777 9312260 9312894 9313119 9314074 9314089 9318575 9318690 9319611 9320353 9321674 9323208 9325584 9325968 9328867 9329674
            CRB: 17874788 17875888 17876043 17877435 17878980 17879020 17880244 17880460 17881129 17881712 17884013 17886078 17886096 17886525 17886622 17887442 17891961 17892213 17892428 17892646 17893880 17894545 17897840 17898870 17900129
            CSAT: 104701382 104705786 104708191 104708688 104709867 104710180 104710564 104711877 104712101 104712139 104717795 104718108 104719084 104719142 104722501 104722827 104723194 104723820 104723932 104725373 104726121 104726924 104726926 104729714 104730966 104731307 104732207 104732214 104732336 104732455 104734443 104735528 104737902 104738994 104739841 104740907 104741633 104744232 104744886 104745124 104747027 104750583 104753331 104754610 104755452 104755738 104757379 104760870 104761621 104761624 104762456 104762495 104763832 104764407 104764652 104766315 104766397 104768620 104769751 104770759 104772174 104773181 104777061 104779605 104779971 104781172 104781362 104781391 104787793 104789389 104789709 104790042 104790395 104791583 104791770 104791798
            EUS: EUTSA_v10010534mg EUTSA_v10015832mg EUTSA_v10016093mg EUTSA_v10020972mg
            BRP: 103827511 103828610 103828688 103829999 103831011 103831201 103833411 103834235 103834896 103836073 103836561 103836991 103837270 103837461 103839439 103841243 103841403 103842969 103843635 103844229 103846441 103847197 103847312 103850082 103850282 103850968 103851864 103852424 103853982 103854237 103854567 103855563 103856110 103858923 103859732 103860809 103861505 103862557 103863187 103863605 103863641 103870538 103870710 103872042 103872043 103872235 103873738 103875221
            BNA: 106345454 106347564 106347875 106351296 106352403 106352880 106353973 106356689 106359728 106360208 106361318 106363861 106364615 106364980 106365441 106365801 106366185 106367682 106367786 106368660 106369886 106370559 106370994 106372536 106372688 106373282 106374536 106374537 106375499 106375788 106375976 106379411 106379656 106379864 106379906 106380922 106380924 106381139 106382022 106382476 106382584 106386392 106386806 106388660 106391282 106394864 106399678 106399968 106402512 106403184 106409219 106409464 106409544 106410328 106410439 106415745 106416640 106417790 106418398 106419261 106419263 106419852 106421771 106422643 106424219 106426949 106427406 106428402 106428627 106428855 106430092 106430295 106433413 106436935 106438903 106439158 106439876 106440777 106440778 106442074 106442321 106443116 106443426 106443623 106445342 106445845 106449446 106450598 106450745 106452444 106452749 106452978 106454552 111197831 111200419 111204226 111204301 111204757 111207429 111208330 111211070 111211421 111212602 111212758
            BOE: 106292706 106293450 106293841 106294248 106295034 106296029 106296039 106296620 106296651 106297447 106297735 106300297 106300351 106301626 106302079 106302135 106304149 106304858 106304927 106305942 106307150 106307708 106308326 106310394 106312025 106312230 106312405 106312523 106313749 106316056 106316304 106318226 106318304 106318675 106319450 106320315 106324966 106325607 106325780 106325844 106327875 106329526 106332491 106332735 106333129 106335147 106336636 106336928 106341847
            RSZ: 108805141 108806773 108809863 108810391 108812690 108814626 108815087 108816122 108816248 108816357 108816784 108817625 108818168 108818281 108818820 108819361 108821199 108821419 108822294 108822904 108823639 108823954 108827799 108828277 108830087 108835063 108836468 108839114 108840347 108840998 108842349 108842742 108844394 108846304 108846464 108846465 108849487 108851738 108852983 108853022 108854234 108854759 108854761 108855518 108855519 108856644 108859063 108859164 108859334 108859436 108859861 108860947 108861784 108862306 108862675 108862763
            THJ: 104800140 104801050 104801785 104804601 104805137 104805202 104805355 104805450 104806314 104807066 104807772 104808727 104808774 104809484 104809976 104810004 104811609 104814007 104816432 104818203 104818939 104819344 104821042 104822370 104826108 104826900 104827001 104827349
            CPAP: 110808054 110811252 110813995 110814542 110814973 110816012 110816124 110817192 110819499 110819800 110820202 110820724 110821787 110822705 110823044
            CIT: 102608717 102609426 102609541 102610086 102612467 102614939 102617115 102619978 102620860 102621878 102622327 102623649 102624223 102624520 102624695 102626426 102629596
            CIC: CICLE_v10004783mg CICLE_v10008571mg CICLE_v10011635mg CICLE_v10011762mg CICLE_v10011763mg CICLE_v10011951mg CICLE_v10013497mg CICLE_v10013750mg CICLE_v10015474mg CICLE_v10017878mg CICLE_v10019202mg CICLE_v10020193mg CICLE_v10020423mg CICLE_v10024272mg CICLE_v10031337mg CICLE_v10031429mg CICLE_v10031653mg CICLE_v10032073mg
            PVY: 116107993 116108213 116112263 116116964 116117064 116117065 116119729 116122115 116123348 116123433 116128421 116133383 116134741 116134788 116136805 116137281 116146040
            MINC: 123192363 123195569 123197038 123197666 123209179 123210207 123210770 123212073 123212092 123213837 123215676 123216510 123218844 123220335 123221069 123222858 123224772 123228031 123228127
            TCC: 18586262 18586518 18593288 18597194 18597629 18598055 18600894 18601452 18602793 18604606 18605010 18605691 18605692 18609637 18610480 18612829
            GRA: 105762283 105762284 105764306 105764766 105765931 105765932 105765934 105766059 105768435 105768449 105768564 105771087 105771847 105772093 105772094 105772099 105772101 105772103 105773527 105773986 105776894 105777453 105777563 105778441 105779398 105781182 105784458 105784554 105784597 105784953 105784956 105785842 105786402 105786634 105788539 105789843 105793449 105794575 105795130 105798260 105798387 105798877 105799881 105800345 105802465 105803267 105804510
            GHI: 107886153 107886482 107886801 107886994 107887462 107888018 107888714 107889720 107890584 107891022 107892006 107892218 107892784 107893027 107897768 107898714 107900217 107903759 107904158 107905323 107907944 107908917 107909736 107911802 107915063 107917466 107917602 107917701 107919012 107919025 107919028 107921747 107923544 107924356 107924508 107926415 107926421 107928664 107930738 107930754 107931171 107934873 107935391 107939532 107939740 107939966 107939970 107941775 107944635 107946592 107949258 107949717 107949925 107951047 107951335 107952554 107953556 107954926 107955257 107957331 107957415 107957982 107961874 107962012 121203020 121206274 121207546 121210975 121211055 121211189 121216975 121217977 121217978 121218575 121218576 121230548 121230762 121232067
            GAB: 108451299 108451300 108451893 108452347 108452457 108452557 108454131 108455066 108455156 108457067 108457162 108459455 108460565 108463557 108464484 108466606 108467184 108469529 108471652 108473078 108474619 108475281 108477117 108478431 108479087 108479088 108479606 108480308 108480511 108481829 108482552 108483472 108485039 108485063 108485208 108486033 108486586 108486894 108487209 108489417 108489711
            DZI: 111278285 111280005 111282452 111283451 111287375 111287400 111287867 111289709 111289727 111290272 111291951 111292312 111293664 111293932 111296444 111297088 111300503 111300546 111301545 111306155 111307309 111309867 111311807 111311903 111312360 111313514 111314376 111315910 111315960 111316226 111317633 111317835 111317945
            EGR: 104414114 104414384 104417282 104421846 104422552 104422660 104425889 104425949 104426873 104430785 104436241 104437348 104441422 104449127 104453976 104454145 104454258 104455648 104456058
            GMX: 100101868 100775595 100779940 100780236 100780437 100781845 100782388 100785801 100787082 100789303 100790659 100794814 100796307 100798579 100799009 100799106 100801864 100802068 100803068 100803229 100807483 100808253 100808438 100809277 100810380 100810615 100810857 100811216 100814368 100814679 100815062 100816256
            GSJ: 114367699 114370635 114372058 114375111 114379065 114381104 114381281 114381829 114382030 114382104 114382738 114387227 114389698 114392857 114395336 114395979 114396112 114397754 114399074 114403148 114403377 114403513 114405738 114407116 114409749 114409901 114410788 114411243 114412022 114412539 114416322 114423776 114424622
            PVU: PHAVU_001G180800g PHAVU_001G256800g PHAVU_001G256900g PHAVU_002G025800g PHAVU_002G065800g PHAVU_003G069100g PHAVU_003G081000g PHAVU_003G207400g PHAVU_004G026400g PHAVU_004G059200g PHAVU_004G098100g PHAVU_004G101600g PHAVU_004G101900g PHAVU_006G147500g PHAVU_006G147600g PHAVU_007G009300g PHAVU_007G024400g PHAVU_007G151200g PHAVU_007G160100g PHAVU_007G236800g PHAVU_008G043600g PHAVU_008G123000g PHAVU_009G125800g PHAVU_009G170500g PHAVU_009G189800g
            VRA: 106753395 106755392 106757772 106758987 106759524 106761457 106762795 106763338 106765724 106766066 106766081 106766854 106767731 106768712 106769317 106769747 106769806 106771218 106771804 106772070 106774895 106775459 106776290 106777186 106777465 106778745
            VAR: 108322452 108324302 108324725 108325066 108325206 108326483 108326560 108326989 108327030 108327102 108327940 108328659 108329165 108330198 108330589 108335586 108340157 108340219 108341635 108342120 108344199 108344201 108344202 108344551 108344552 108345000 108345298
            VUN: 114162215 114163490 114163638 114164550 114168408 114169197 114174263 114175032 114175359 114175363 114175680 114177522 114179035 114179916 114180317 114180828 114181173 114181633 114181634 114181675 114184807 114186111 114187185 114187421 114188877 114190030 114190452 114190464 114191080 114191754
            CCAJ: 109788121 109789597 109792613 109792887 109796195 109796470 109796868 109797422 109800671 109801190 109801445 109803839 109804459 109805489 109806148 109808620 109810074 109812355 109812466 109813056 109815458 109818776 109819253
            APRC: 113846398 113847933 113849123 113849675 113849813 113850404 113859333 113859630 113860828 113862014 113863077 113864785 113867467 113867742 113869336 113869892 113870846 113871361 113872290 113872422 113872824
            MTR: MTR_1g047370 MTR_1g062930 MTR_1g067450 MTR_1g069950 MTR_1g111590 MTR_1g115550 MTR_2g023980 MTR_2g023990 MTR_3g030900 MTR_3g070740 MTR_3g075320 MTR_3g086310 MTR_3g086320 MTR_4g064420 MTR_4g104320 MTR_4g107870 MTR_4g132460 MTR_5g019060 MTR_5g019090 MTR_5g019160 MTR_5g019170 MTR_5g035840 MTR_5g038490 MTR_5g038510 MTR_6g011420 MTR_6g021950 MTR_6g077900 MTR_7g009390 MTR_7g059290 MTR_7g102940 MTR_8g078280 MTR_8g078310 MTR_8g078350 MTR_8g078390 MTR_8g468980
            CAM: 101488916 101490432 101491951 101492744 101492769 101493043 101493084 101493988 101496390 101496637 101496853 101498497 101499495 101499519 101500122 101500453 101505176 101506356 101507578 101508484 101509352 101509935 101512704 101515337 101515393
            LJA: Lj0g3v0016749.1(Lj0g3v0016749.1) Lj0g3v0016749.2(Lj0g3v0016749.2) Lj0g3v0081679.1(Lj0g3v0081679.1) Lj0g3v0146639.1(Lj0g3v0146639.1) Lj0g3v0207779.1(Lj0g3v0207779.1) Lj0g3v0293729.1(Lj0g3v0293729.1) Lj1g3v3476140.1(Lj1g3v3476140.1) Lj1g3v4616550.1(Lj1g3v4616550.1) Lj4g3v0134630.1(Lj4g3v0134630.1) Lj4g3v1389340.1(Lj4g3v1389340.1) Lj4g3v1614780.1(Lj4g3v1614780.1) Lj5g3v0615090.1(Lj5g3v0615090.1) Lj5g3v0670070.2(Lj5g3v0670070.2) Lj5g3v2220310.1(Lj5g3v2220310.1) Lj5g3v2288630.1(Lj5g3v2288630.1) Lj6g3v0108680.1(Lj6g3v0108680.1) Lj6g3v0108680.2(Lj6g3v0108680.2)
            ADU: 107464610 107464611 107464679 107466754 107467221 107467476 107467724 107468980 107469010 107470594 107471033 107471523 107474141 107474847 107476264 107478873 107481099 107481168 107484070 107486753 107487161 107487891 107489153 107489156 107491059 107491060 107491061 107493761 107494890
            AIP: 107610759 107613028 107617178 107618421 107619427 107622055 107622080 107622791 107623851 107624008 107625217 107625551 107626458 107629354 107630952 107633969 107633970 107639233 107639926 107640418 107641682 107642034 107643980 107648751
            AHF: 112696575 112697264 112712127 112712317 112715101 112716366 112716716 112717293 112720211 112722187 112722461 112724085 112727291 112727732 112728930 112734033 112734036 112736338 112742259 112742330 112744445 112746870 112746887 112747588 112750177 112750740 112750741 112750742 112754256 112755169 112759798 112775462 112775693 112776539 112779769 112782611 112783958 112784072 112784687 112790402 112790462 112791892 112791894 112796825 112797738 112799887 112800938 112802520 112802521 112804108 112804199 114923978
            LANG: 109326502 109327208 109327627 109328040 109331389 109334504 109335091 109335205 109335901 109338610 109338704 109339106 109339744 109341906 109342659 109343628 109346323 109347324 109351566 109352566 109352935 109352936 109353363 109353856 109354710 109355947 109357839 109359233 109361633 109362387 109362489 109362500
            FVE: 101291074 101291559 101291580 101291946 101293102 101293631 101295811 101298333 101300699 101301735 101304327 101310083 101310604 101312551 101314382 101314448 101315454
            RCN: 112167916 112168066 112174014 112178630 112179905 112180109 112182279 112182562 112187918 112188423 112191795 112192346 112195032 112197991 112200453 112201058
            PPER: 18766891 18770941 18774922 18777598 18777768 18779905 18783625 18783901 18786338 18787552 18788873 18789892 18790182 18790490 18790684 18790805 18791252
            PMUM: 103319221 103319227 103321612 103321613 103321881 103323742 103324424 103324426 103329756 103329972 103332304 103332576 103334346 103337974 103338413 103338942 103339811 103340088
            PAVI: 110750875 110751265 110751298 110751500 110752099 110752443 110755911 110756024 110756541 110759404 110760515 110763112 110764871 110764877 110765511 110771391 110774574
            PDUL: 117615007 117615125 117615422 117615894 117616200 117617250 117617635 117620540 117621137 117622781 117625511 117626322 117626988 117627013 117627657 117628692 117632284 117635275 117637229
            MDM: 103402329 103402927 103402928 103404411 103406254 103408803 103415187 103421495 103424171 103425513 103430010 103434587 103435802 103436151 103437645 103437798 103450189 103450700 103451862 103452061 114823474 114824362 114825559 114826097 114826878
            PXB: 103926762(PL) 103928577 103931194 103932918 103933703 103934836 103941377 103943981 103946840 103948310 103948357 103949854 103950090 103950867 103952213 103958056 103958471 103958754 103959417 103960439 103961790 103965700 103965771
            ZJU: 107413230 107413567 107415231 107415573 107415842 107418263 107419134 107419217 107419631 107426571 107428464 107431897 107432795
            MNT: 112092362 112094859 112095236 21384224 21385534 21388114 21393836 21397327 21397384 21398282 21400038 21400677 21401893 21405383 21410245
            CSV: 101202789 101203012 101205739 101206497 101207204 101207535 101208076 101209736 101210816 101211379 101217103 101217580 101217834 101217922 101218188 101218812 101219724
            CMO: 103483506 103483978 103483993 103484628 103485080 103487022 103487738 103488907 103489090 103489433 103489803 103489868 103496402 103496461 103498129 103499488 103500832
            BHJ: 120072644 120073448 120074778 120075177 120075965 120076531 120077926 120080216 120081717 120081987 120083123 120083353 120083647 120083802 120084198 120091762 120092454
            MCHA: 111004807 111005923 111006021 111006418 111008879 111009024 111009084 111009920 111010036 111013705 111013726 111016150 111019197 111019925 111025969
            CMAX: 111466524 111466837 111469675 111471167 111471237 111473637 111478069 111478161 111478392 111478733 111479711 111482295 111487228 111487839 111489138 111489953 111490238 111491608 111491836 111492658 111493864 111493968 111494562 111495358 111495447 111495456 111496005 111499051
            CMOS: 111431331 111431420 111431534 111432214 111433050 111435488 111437403 111441594 111445375 111449983 111450013 111450600 111452898 111453514 111453637 111454638 111454644 111457080 111457233 111458162 111458538 111459254 111460312 111460762 111462874 111463214 111463488 111463899 111464269
            CPEP: 111779301 111781648 111781987 111782664 111783400 111783457 111786167 111786547 111787704 111787717 111788419 111789661 111790573 111790921 111793849 111794838 111797112 111798800 111798808 111799143 111800064 111800303 111802171 111802513 111802758 111803869 111803899 111804368 111804904 111807826 111808511 111811178
            RCU: 8258025 8258907 8260359 8261784 8262677 8262757 8266390 8276027 8277367 8277989 8277990 8280337 8283976 8285451 8286832 8287012
            JCU: 105633088 105633508 105634869 105636240 105638468 105640731 105641121 105642284 105644424 105649771 105650087 105650088
            HBR: 110632204 110636735 110636867 110638441 110640925 110646249 110646706 110649091 110651339 110653557 110653872 110655462 110656595 110657006 110657067 110658450 110667421 110667497 110669138 110670487 110670579 110672529 110672983
            MESC: 110599838 110601108 110601172 110602237 110603185 110604668 110605612 110605900 110608006 110608008 110610476 110610568 110614340 110614408 110615040 110615341 110616093 110616578 110618683 110619381 110620749 110622542 110623577 110625077 110627704 110628710 110629625 110629863
            POP: 112323533 18095377 18097348 18099035 18100132 18102818 18105815 18111203 7453817 7457711 7457856 7458080 7460526 7461369 7467584 7467675 7468445 7469382 7469793 7472610 7477066 7479851 7481246 7483648 7484524 7488611 7491952 7494805 7495953
            PEU: 105109238 105111421 105111830 105113028 105113515 105114484 105114575 105115480 105115688 105117746 105118818 105119041 105121731 105122400 105122674 105122976 105125545 105125814 105126272 105126703 105129296 105130704 105135572 105136698 105138060 105141440 105142345
            PALZ: 118027916 118030304 118030496 118030600 118031884 118033353 118033354 118033522 118035346 118044753 118048355 118049818 118050057 118050897 118052226 118053761 118054533 118055569 118056779 118057638 118058140 118059347 118059828 118060277 118061367 118061378 118063421
            JRE: 108979226 108980906 108980916 108984033 108985018 108986560 108987046 108987200 108989816 108990729 108990813 108991494 108992810 108994020 108995893 108999098 109003018 109005675 109006051 109009664 109012433 109014461 109019336
            QSU: 111992086 111999040 112004004 112007041 112010618 112013877 112013881 112013882 112015819 112015873 112015883 112015903 112021094 112022916 112023367 112025472 112029642 112032585 112032645 112034405 112036425 112036540 112039410
            QLO: 115953878 115954214 115955759 115955974 115958196 115959235 115964637 115964858 115965275 115965319 115965331 115965528 115970698 115971484 115978245 115978337 115979461 115981556 115982086 115992970 115994984
            TWL: 119980062 119980561 119981589 119983109 119984574 119985056 119985302 119985758 119988638 119989088 119992096 119992227 119995807 119999119 120000865 120001330 120003320 120004905 120005317 120007617 120007919 120008454 120011020 120014390 120016763
            VVI: 100232902(PL1) 100233090(PEL) 100242302 100243265 100245293 100246124 100246761 100247757 100249765 100251082 100251231 100254377 100255011 100257069 100262177 100267345 100267540
            VRI: 117904866 117905241 117908859 117912747 117912783 117914270 117915436 117919438 117919641 117920565 117923360 117927773 117928001 117928754 117929849 117929897 117934222
            SLY: 101244298 101244802 101246909 101249735 101250914 101252082 101253459(LAT59) 101253756(LAT56) 101254471(PL) 101254639 101254868 101255166 101257697 101257960 101260096 101260911 101261002 101263458 101264694 101264881 101264933 101265301 101267397 778293(9612)
            SPEN: 107005126 107006434 107009174 107009438 107009500 107009501 107010442 107011196 107012891 107012980 107013865 107014417 107015002 107015953 107016254 107019829 107020582 107020664 107021873 107023224 107023230 107029237 107029562 107029626 107031117
            SOT: 102578838 102579138 102579376 102579461 102579462 102579934 102582513 102586644 102587591 102587929 102590126 102590902 102592779 102593229 102593528 102594149 102595189 102598232 102600031 102600354 102602135 102602394 102602669 102603003 102603970 102605687
            SSTN: 125844001 125848004 125848021 125848433 125848938 125849113 125849150 125854634 125857501 125858591 125859681 125860585 125860588 125862494 125864163 125866745 125867244 125868363 125870905 125870930 125871480 125871815 125873124 125874304 125874572
            CANN: 107842529 107842949 107843141 107848090 107848183 107849104 107850983 107851462 107858789 107858790 107859610 107860553 107860707 107860826 107861267 107862503 107862632 107863694 107864518 107866520 107867894 107870262 107871435 107875326 107875878 107875945
            NTA: 107759580 107761724 107762739 107763389 107764355 107764788 107767268 107767876 107769299 107771085 107772855 107775129 107775344 107776790 107778084 107780166 107780493 107783470 107785780 107786866 107787860 107788586 107791572(Nt59) 107791573 107791654 107792008 107793009 107794035 107798776 107798922 107802807 107804209 107805029 107806631 107807472 107811053 107814717 107814732 107817088 107820191 107820192 107820665 107823132 107823432 107823631 107825055 107828150 107828480 107832765 107832766
            NSY: 104210139 104211053 104213544 104214062 104214546 104219334 104223125 104225105 104226435 104226562 104227767 104228422 104230344 104236026 104236107 104237463 104237464 104243836 104245414 104245827 104247138 104247768 104250118 104250135
            NTO: 104084748 104085380 104085382 104087948 104090205 104090523 104094074 104094564 104094566 104094786 104094914 104095397 104095398 104099437 104103534 104107545 104108263 104109833 104111984 104113984 104115571 104116004 104117707 104117830 104119236 104121067
            NAU: 109205313 109206964 109208963 109208964 109211316 109211865 109213982 109215405 109216655 109217879 109220157 109221032 109224988 109225395 109229386 109231232 109231743 109231947 109233217 109234436 109235292 109235811 109236741 109239420 109242686 109242977 109244361
            INI: 109149186 109152094 109158218 109161885 109161914 109162683 109162956 109164827 109167293 109171551 109172010 109173885 109175595 109175596 109175597 109175940 109175941 109176280 109176536 109178327 109180076 109180150 109180374 109180912 109181077 109187123 109188062 109190819 109191875 109192418
            ITR: 115995787 115997455 115998324 115998860 115998876 116001696 116001697 116002842 116003083 116005149 116006169 116007330 116009748 116010639 116011071 116013375 116014813 116014894 116016416 116020786 116021138 116021981 116025243 116027858 116027885 116029281 116030860 116031889 116033661
            SIND: 105156556 105157315 105157724 105158641 105161432 105163500 105166572 105167673 105167676 105168137 105168345 105168553 105168600 105168603 105168631 105168769 105171845 105174180 105174252 105174396 105175416 105176296 105176596 105176604 105177213 105177214
            OEU: 111365266 111366163 111366450 111367050 111367127 111372210 111372517 111375537 111377512 111378857 111379453 111379546 111380011 111380601 111386619 111388342 111389156 111389222 111392074 111395944 111399605 111400715 111400823 111405311 111405437 111405818 111406298
            EGT: 105950168 105950440 105951473 105952861 105952912 105955575 105956641 105956714 105959625 105960881 105961689 105961911 105962224 105963089 105963460 105965458 105967509 105968534 105972519 105974816 105975035 105975824
            SSPL: 121746639 121747463 121750920 121751279 121753974 121759518 121760042 121760434 121763407 121765287 121765897 121766606 121767814 121767992 121771065 121772533 121772603 121775224 121777436 121779640 121782220 121783493 121783835 121786267 121789692 121791980 121792205 121792678 121794518 121794805 121796016 121798164 121798670 121798755 121798979 121799721 121802430 121802621 121802685 121807176 121807303 121808512
            HAN: 110868670 110868798 110869750 110871669 110872433 110873721 110877799 110877800 110883931 110884485 110890725 110895065 110898262 110898402 110898691 110903971 110904120 110904631 110908526 110910464 110911145 110911521 110911524 110924057 110925111 110925157 110925642 110925751 110925839 110926368 110927131 110927365 110936615 110941814 110942228 110944483
            ECAD: 122579172 122579173 122579622 122580335 122581216 122583598 122583865 122585132 122588994 122590077 122592377 122597460 122598667 122601232 122603816 122603892 122604090 122604901 122605233 122605767 122605881 122607301 122610834 122611147 122611191
            LSV: 111880239 111882518 111887437 111887452 111887544 111889416 111889964 111891352 111891358 111891359 111891989 111893813 111894160 111896046 111898613 111899285 111899294 111905586 111907681 111909907 111912236 111913198 111915917 111921586
            CCAV: 112503574 112506559 112508802 112510810 112510920 112513018 112513054 112514071 112514543 112517918 112518984 112519294 112519907 112521149 112521241 112524291 112524444 112525133 112528487 112528488
            DCR: 108192276 108193434 108193797 108193946 108195275 108195342 108198420 108199393 108199856 108202189 108202648 108203122 108204310 108205806 108206504 108207823 108208160 108210149 108210949 108213710 108215561 108217183 108219444 108219740 108221353 108222514 108223274 108223466 108223751 108224278 108224700 108225052 108227202 108227204
            CSIN: 114256339 114257559 114260021 114268645 114270080 114270999 114285377 114286645 114286895 114296798 114298792 114301210 114306776 114307229 114309728 114316243 114316719 114318848 114319023 114319320 114321199
            BVG: 104887401 104888002 104888738 104894107 104897228 104897969 104897970 104898190 104899447 104899452 104899909 104906800 104908556 104908838
            SOE: 110776521 110778168 110781954 110784440 110785137 110786054 110788774 110788777 110790510 110791183 110793638 110794560 110798602 110800068
            CQI: 110683520 110687871 110688212 110690441 110690654 110692461 110693021 110700795 110704740 110710012 110712054 110712571 110716006 110717385 110719048 110722133 110722462 110723413 110726245 110726839 110727057 110728091 110728092 110728094 110730966 110731865 110731867 110738448
            NNU: 104586789 104587349 104587909 104591566 104593013 104594663 104594849 104596859 104599253 104602148 104604548
            MING: 122057334 122059369 122059426 122059750 122068386 122068395 122069475 122069806 122078156 122078415 122079696 122086122 122089450 122093095 122093096 122093097 122094719
            TSS: 122638806 122640271 122640275 122640278 122640283 122643672 122649089 122649178 122650575 122650577 122652826 122653088 122653794 122654864 122654868 122655290 122655726 122656936 122662364 122667751 122671248 122671665 122671920 122672532
            PSOM: 113274749 113276013 113281590 113286610 113290931 113298687 113299444 113302744 113303275 113303486 113304297 113309784 113310406 113313129 113313280 113320959 113322594 113323849 113325377 113330938 113336757 113338960 113357340
            NCOL: 116248151 116248897 116249678 116252156 116252167 116252726 116254664 116256236 116256822 116264552 116264710 116265940 116266264 116267622
            OSA: 107275720 107276207 4326883 4328714 4335013 4338309 4340099 4340103 4340105 4341389 4348800
            DOSA: Os01t0546800-01(Os01g0546800) Os01t0837100-00(Os01g0837100) Os02t0214400-01(Os02g0214400) Os05t0293500-01(Os05g0293500) Os06t0144200-01(Os06g0144200) Os06t0144900-01(Os06g0144900) Os06t0583900-01(Os06g0583900) Os08t0286100-00(Os08g0286100) Os10t0457200-00(Os10g0457200)
            OBR: 102699823 102701828 102704427 102707157 102708613 102708803 102716151 102720197
            BDI: 100829073 100831938 100834927 100836039 100841005 100842200 100843977 100846807
            ATS: 109747561 109748940 109757500 109759162 109767069 109772683 109776699 109781597 109783195
            TDC: 119268059 119269184 119279734 119281581 119306761 119315747 119316655 119323691 119325746 119330563 119330957 119332351 119340018 119352713 119353092 119361733 119362176
            TAES: 123043123 123043487 123044722 123051018 123051348 123058756 123065754 123065891 123074828 123074951 123119621 123126155 123127312 123129530 123133914 123136954 123141293 123144374 123150578 123151851 123160072 123167261 123180958 123184578 123186967
            TUA: 125508275 125515868 125521791 125523080 125535029 125535448 125544954 125544955 125548789
            SBI: 8055006 8059278 8065039 8068765 8070728 8071678 8076305 8080293 8085441
            ZMA: 100273705 100281162 100281581 100283618 100284055 100284356 100502180 103636583 103652411 107275230 109939990 542245
            SITA: 101757040 101759715 101763247 101763908 101769012 101773695 101774003 101775972 101786095
            SVS: 117838639 117841743 117849272 117851297 117851303 117855707 117861760 117864413 117865005
            PVIR: 120639722 120650874 120655085 120663343 120663345 120663740 120670517 120670861 120675047 120682276 120688520 120690560 120694372 120696867 120703770 120704993 120710545
            PHAI: 112877417 112885511 112886328 112889886 112889947 112891731 112898464 112901235 112902295
            PDA: 103696953 103698895 103702909 103704989 103706993 103709781 103710452 103711590 103714893 103717730 103717735 103718556 103723301 103723303 120105711 120113075
            EGU: 105032457 105040323 105041543 105043158 105043162 105044507 105046157 105047925 105051305 105053623 105053626 105055538 105055552 105059128
            MUS: 103968829 103969446 103970213 103972082 103973113 103976225 103976633 103977300 103978273 103982637 103982757 103985035 103986744 103988241 103989305(PL1) 103989738 103990636 103991197 103993134
            DCT: 110092061 110095389 110097156 110099698 110105117 110105129 110105151 110105152 110107801 110111116 110111237 110115074 110115078 110115929
            PEQ: 110018751 110018796 110019265 110021928 110023991 110026428 110030481 110031868 110034645 110037932 110038239
            AOF: 109827614 109829659 109830090 109836501 109839149 109841926 109843275 109844841 109847365 109849372 109850223
            ATR: 18421547 18426043 18426977 18429204 18431947 18432108 18432111 18437277 18438386 18441978 18444157 18444158
            SMO: SELMODRAFT_108753 SELMODRAFT_115023 SELMODRAFT_115361 SELMODRAFT_120030 SELMODRAFT_123435 SELMODRAFT_13605 SELMODRAFT_13606 SELMODRAFT_13694 SELMODRAFT_138829 SELMODRAFT_234568 SELMODRAFT_2850 SELMODRAFT_407495 SELMODRAFT_412910 SELMODRAFT_421674 SELMODRAFT_439243 SELMODRAFT_81909 SELMODRAFT_85792 SELMODRAFT_88799 SELMODRAFT_92002 SELMODRAFT_93746
            PPP: 112273129 112273865 112274279 112274484 112274649 112275390 112276225 112278618 112278970 112278978 112279004 112279568 112279740 112279947 112281007 112284982 112284983 112287683 112288410 112290509 112290812 112290925 112292845 112294165 112295527
            NCR: NCU06326
            PAN: PODANS72p164 PODANSg1157 PODANSg1215 PODANSg3858
            MTM: MYCTH_52463 MYCTH_71204 MYCTH_90594 MYCTH_97932
            CTHR: CTHT_0019340
            MGR: MGG_04348 MGG_07566
            PPEI: PpBr36_02472 PpBr36_04794
            TMN: UCRPA7_1148 UCRPA7_8809
            FGR: FGSG_03908 FGSG_04430 FGSG_07794 FGSG_09291 FGSG_11163
            FPU: FPSE_02852 FPSE_05367 FPSE_07910 FPSE_09686 FPSE_09939
            FVR: FVEG_03818 FVEG_10101 FVEG_11233 FVEG_12279 FVEG_13956
            FOX: FOXG_04007 FOXG_05948 FOXG_11739 FOXG_13249 FOXG_13801
            NHE: NECHADRAFT_122787 NECHADRAFT_34871 NECHADRAFT_52500 NECHADRAFT_52708 NECHADRAFT_54179 NECHADRAFT_58553
            VAL: VDBG_02238 VDBG_02413 VDBG_02431 VDBG_05825 VDBG_07839 VDBG_08404 VDBG_09092 VDBG_09483 VDBG_10041
            VDA: VDAG_02709 VDAG_02886 VDAG_02904 VDAG_04718 VDAG_05344 VDAG_05402 VDAG_07242 VDAG_07566 VDAG_07759 VDAG_08067
            CFJ: CFIO01_00905 CFIO01_02618 CFIO01_04994 CFIO01_06830 CFIO01_06838 CFIO01_11742 CFIO01_13707
            CHIG: CH63R_03362 CH63R_06710 CH63R_07993 CH63R_08488 CH63R_10571 CH63R_11165 CH63R_11259 CH63R_11452 CH63R_13387
            SAPO: SAPIO_CDS4381
            ELA: UCREL1_2675 UCREL1_4723 UCREL1_5308 UCREL1_6516 UCREL1_9093
            PFY: PFICI_04181 PFICI_10245 PFICI_11396 PFICI_13094
            SSL: SS1G_00238
            BFU: BCIN_03g05820 BCIN_14g01630
            MBE: MBM_01586 MBM_02474 MBM_05650 MBM_07276 MBM_09181 MBM_09320
            GLZ: GLAREA_00006 GLAREA_08283 GLAREA_09321 GLAREA_11263
            ANI: AN0741.2 AN7646.2
            AFM: AFUA_2G00760
            NFI: NFIA_033040
            AOR: AO090011000673 AO090701000321
            ANG: ANI_1_102174(An10g00870)
            AFV: AFLA_004825 AFLA_008075
            ALUC: AKAW2_70998A
            ACHE: ACHE_40050A
            APUU: APUU_61247S APUU_80267A
            PCS: Pc22g24890
            PDP: PDIP_83110
            TMF: PMAA_101190
            PNO: SNOG_05152 SNOG_13910
            BZE: COCCADRAFT_2578 COCCADRAFT_8984 COCCADRAFT_9392
            BSC: COCSADRAFT_106936 COCSADRAFT_164043 COCSADRAFT_272567
            BOR: COCMIDRAFT_5331 COCMIDRAFT_6472 COCMIDRAFT_96897
            AALT: CC77DRAFT_1022368 CC77DRAFT_1031357 CC77DRAFT_1035863 CC77DRAFT_1067134 CC77DRAFT_576782
            ZTR: MYCGRDRAFT_42327(MgPel2) MYCGRDRAFT_85457(MgPel3)
            PFJ: MYCFIDRAFT_84159
            FFU: CLAFUR5_04023 CLAFUR5_05777
            NPA: UCRNP2_7484 UCRNP2_7639
            TML: GSTUM_00008534001
            SHS: STEHIDRAFT_149113 STEHIDRAFT_63905
            HIR: HETIRDRAFT_149208
            PSQ: PUNSTDRAFT_128361
            ADL: AURDEDRAFT_133561
            FME: FOMMEDRAFT_131347 FOMMEDRAFT_151576
            CCI: CC1G_11098
            ABP: AGABI1DRAFT87431(AGABI1DRAFT_87431)
            ABV: AGABI2DRAFT139877(AGABI2DRAFT_139877)
            MPR: MPER_05125 MPER_05573 MPER_07146 MPER_09765 MPER_10963
            MRR: Moror_12366 Moror_13018 Moror_13020 Moror_4474 Moror_4477 Moror_4533 Moror_5947
            MORE: E1B28_001965 E1B28_011551
            SCM: SCHCO_02642933(SCHCODRAFT_02642933) SCHCO_02662427(SCHCODRAFT_02662427) SCHCO_02730737(SCHCODRAFT_02730737)
            ENT: Ent638_0482
            ENR: H650_21350
            ENF: AKI40_3762
            CCON: AFK62_02835
            KOX: KOX_16835
            KOE: A225_2215
            KOY: J415_20700
            KOM: HR38_15355
            KOK: KONIH1_10835
            KOC: AB185_25300
            KLL: BJF97_11110
            KGR: JJJ10_17700
            KSA: C813_09120
            KOR: AWR26_18655
            KRD: A3780_05625
            KPSE: IP581_05800
            SYM: K6K13_02430 K6K13_02885 K6K13_14430 K6K13_21505 K6K13_22660
            YPE: YPO3994(pelY)
            YPK: y3834
            YPH: YPC_4503(pelY)
            YPA: YPA_3822
            YPN: YPN_3644
            YPM: YP_3357(pelY)
            YPG: YpAngola_A4065
            YPZ: YPZ3_2172(pelY)
            YPT: A1122_05850
            YPD: YPD4_3514(pelY)
            YPX: YPD8_3520(pelY)
            YPW: CH59_1943(pelY)
            YPJ: CH55_2674(pelY)
            YPV: BZ15_3710(pelY)
            YPL: CH46_1062(pelY)
            YPS: YPTB3834(pelY)
            YPO: BZ17_2750(pelY)
            YPI: YpsIP31758_4066
            YPY: YPK_0096
            YPB: YPTS_4050
            YPQ: DJ40_2560(pelY)
            YPU: BZ21_3188(pelY)
            YPR: BZ20_2257(pelY)
            YPC: BZ23_3463(pelY)
            YPF: BZ19_3322(pelY)
            YEN: YE4069(pelY)
            YEP: YE105_C3787
            YEY: Y11_31271
            YEL: LC20_00148
            YEW: CH47_3664(pelY)
            YET: CH48_1520(pelY)
            YEF: FORC2_0109
            YEE: YE5303_39231(pelY)
            YSI: BF17_07020
            YFR: AW19_3388(pelY)
            YIN: CH53_1625(pelY)
            YKR: CH54_2402
            YRO: CH64_2472(pelY)
            YAK: ACZ76_09480
            YMA: DA391_12790 DA391_22565
            YHI: D5F51_06165 D5F51_21550
            YCA: F0T03_21175
            YMO: HRD69_05020
            SERA: Ser39006_004330 Ser39006_004335 Ser39006_009005
            SERQ: CWC46_04330 CWC46_04335 CWC46_09000
            SFO: Z042_00105
            RVC: J9880_24485
            ECA: ECA2135 ECA3112 ECA4067(pelA) ECA4068(pelB) ECA4069(pelC)
            PATR: EV46_10220 EV46_15400 EV46_20235 EV46_20240 EV46_20250
            PATO: GZ59_24280 GZ59_31200 GZ59_41230(pelA) GZ59_41240(pelB) GZ59_41250(pelC)
            PCT: PC1_2170 PC1_2863 PC1_3858 PC1_3859 PC1_3860
            PCC: PCC21_022490 PCC21_029360 PCC21_038500 PCC21_038510 PCC21_038520
            PCV: BCS7_11020 BCS7_19260 BCS7_19265 BCS7_19270
            PWA: Pecwa_2511 Pecwa_4035 Pecwa_4036 Pecwa_4037
            PPAR: A8F97_06100 A8F97_21290 A8F97_21295 A8F97_21300
            PEC: W5S_2484 W5S_4192 W5S_4193 W5S_4194
            PWS: A7983_05310 A7983_05315 A7983_05320 A7983_19865
            PPOA: BJK05_05855 BJK05_09560 BJK05_14310 BJK05_14315 BJK05_14320
            PBRA: B5S52_01910 B5S52_01915 B5S52_01920 B5S52_07155 B5S52_10850
            PPUJ: E2566_11390 E2566_14935 E2566_19590 E2566_19595 E2566_19600
            PARI: I2D83_02065 I2D83_02070 I2D83_02075 I2D83_07115 I2D83_11625
            PAQU: DMB82_0006995 DMB82_0010195 DMB82_0018565 DMB82_0018570
            PVZ: OA04_21040(pelP) OA04_31130 OA04_41190(pelA) OA04_41200(pelB) OA04_41210(pelC)
            PPAV: LOZ86_03025 LOZ86_03030 LOZ86_03035 LOZ86_10580 LOZ86_14445
            PQU: IG609_006160 IG609_010690 IG609_018255 IG609_018260
            DDD: Dda3937_03370(pelA) Dda3937_03371(pelE) Dda3937_03372(pelD) Dda3937_04192(pelC) Dda3937_04193(pelB)
            DZE: Dd1591_0270 Dd1591_0271 Dd1591_1089 Dd1591_1090 Dd1591_1091
            DDC: Dd586_3083 Dd586_3084 Dd586_3085 Dd586_3788 Dd586_3789
            DZC: W909_14860 W909_14870 W909_14875 W909_18430 W909_18435
            DSO: A4U42_03245 A4U42_03250 A4U42_03255 A4U42_07080 A4U42_07085
            CED: LH89_14425 LH89_14430 LH89_18460 LH89_18465 LH89_18470
            DFN: CVE23_16445 CVE23_16450 CVE23_16455 CVE23_20470 CVE23_20475
            DDQ: DDI_3017 DDI_3019 DDI_3897 DDI_3898
            DAQ: DAQ1742_01076(pelD) DAQ1742_01077(pelA) DAQ1742_04112(pelB) DAQ1742_04113(pelC)
            DIC: Dpoa569_000363 Dpoa569_000905
            DDA: Dd703_0352 Dd703_0353 Dd703_2763 Dd703_2764
            BRB: EH207_00510
            BNG: EH206_02105
            LBQ: CKQ53_17820 CKQ53_17825
            LPOP: I6N93_11905 I6N93_11910
            MINT: C7M51_00262(pelW)
            MTHI: C7M52_02462(pelW)
            TPTY: NCTC11468_02262(pnl)
            HPR: PARA_10800
            XCC: XCC0644(pel) XCC0645(pel) XCC2815(pelB)
            XCB: XC_1298 XC_3590 XC_3591
            XCA: xcc-b100_1345(pel1) xcc-b100_3710(pel2) xcc-b100_3711(pel3)
            XCP: XCR_0794 XCR_0795 XCR_0796 XCR_3187
            XCV: XCV2569 XCV3132(pel1) XCV3687(pel2)
            XAC: XAC2373(pel) XAC2986(pelB) XAC3562(pel)
            XCI: XCAW_02038(pel) XCAW_03264(pelB) XCAW_04262(pel)
            XCT: J151_02544 J151_03171 J151_03747
            XCJ: J158_02534 J158_03150 J158_03723
            XCU: J159_02532 J159_03146 J159_03719
            XCN: J169_02541 J169_03169 J169_03744
            XCW: J162_02533 J162_03150 J162_03724
            XCR: J163_02528 J163_03146 J163_03719
            XCM: J164_02530 J164_03146 J164_03720
            XCF: J172_02535 J172_03162 J172_03737
            XFU: XFF4834R_chr23760 XFF4834R_chr34570
            XAO: XAC29_12025 XAC29_15180 XAC29_18135
            XOM: XOO0747(XOO0747) XOO2130(XOO2130)
            XOO: XOO0821(pel) XOO2265
            XOP: PXO_00565 PXO_02650
            XOY: AZ54_12390
            XOR: XOC_3823(pel)
            XOZ: BE73_04565
            XSA: SB85_09540 SB85_19545
            XFR: BER92_11955
            XVE: BJD12_05820 BJD12_08695
            XPE: BJD13_01705 BJD13_21325
            XHR: XJ27_05440 XJ27_05675 XJ27_11890
            XGA: BI317_04280 BI317_11055 BI317_11315
            XPH: XppCFBP6546_01165(XppCFBP6546P_01165) XppCFBP6546_16520(XppCFBP6546P_16520) XppCFBP6546_20840(XppCFBP6546P_20840)
            XVA: C7V42_15260
            XAN: AC801_14975 AC801_17870
            XAR: XB05_09675 XB05_12630
            XHY: FZ025_03120 FZ025_05415
            XCZ: EBN15_02560
            XEU: XSP_002904 XSP_003399
            XHD: LMG31886_13700(pel2) LMG31886_19060 LMG31886_36460(pel_1) LMG31886_36480(pel_3)
            XPR: MUG10_14110 MUG10_16930
            LCP: LC55x_1516
            LGU: LG3211_0301
            LSOL: GOY17_01975
            LARE: HIV01_012035
            VGA: BSQ33_14330
            VSR: Vspart_02202(pel)
            VZI: G5S32_01035 G5S32_01040 G5S32_04435 G5S32_16340 G5S32_17730
            PVD: CFBP1590__2403(pel)
            PFS: PFLU_3229
            PLUL: FOB45_07535 FOB45_07540 FOB45_07545
            PSES: PSCI_1510
            PXA: KSS93_19780
            PTZ: HU718_011155
            PGF: J0G10_11680
            SAES: HBH39_14925
            THAP: FNC98_13685
            PBW: D172_004975 D172_006740 D172_012610
            PDJ: D0907_09595
            AMAL: I607_09395 I607_09400
            AMAC: MASE_03885 MASE_18730
            AMG: AMEC673_04155 AMEC673_18705
            AMK: AMBLS11_04060 AMBLS11_17965
            AAL: EP13_18275
            ASP: AOR13_312
            ASQ: AVL57_16920
            ALR: DS731_21085
            ALE: AV939_15840 AV939_15860
            ALZ: AV940_15595 AV940_15615
            APEL: CA267_008220 CA267_016685
            CATE: C2869_21850 C2869_22030 C2869_22315 C2869_22325
            CJA: CJA_0041(pme8A) CJA_0042(pel1D) CJA_0045(pel1F) CJA_0053(pel1E) CJA_0533(pel1B) CJA_1277(pelC) CJA_3120(pel1G)
            CEB: B0D95_14070 B0D95_15030 B0D95_15040 B0D95_15055 B0D95_15120
            CELL: CBR65_05030 CBR65_13460 CBR65_13645 CBR65_13650
            CEK: D0B88_03630 D0B88_03635 D0B88_03705 D0B88_03715 D0B88_04255 D0B88_16365
            CEG: D0C16_16660 D0C16_16740 D0C16_17640 D0C16_20080
            SDE: Sde_0942(pel1C) Sde_0943(pel1A) Sde_3447(pes8A) Sde_3448(pel1D)
            TTU: TERTU_0130 TERTU_1483
            SAGA: M5M_10280 M5M_10285
            MARQ: MARGE09_P0144 MARGE09_P2068 MARGE09_P3984
            GIL: NHM04_00940
            MTHD: A3224_01880 A3224_01885
            MHYD: GTQ55_16290 GTQ55_16295 GTQ55_16300
            MCEL: LPW13_17525
            HCH: HCH_03164
            HAHE: ENC22_16390
            MMW: Mmwyl1_0132 Mmwyl1_2362
            MPC: Mar181_0103 Mar181_1624
            GSN: YC6258_00794 YC6258_01255 YC6258_03195 YC6258_03527 YC6258_04000
            GAP: GAPWK_0006
            CDIZ: CEDIAZO_02371
            BPH: Bphy_7394
            BGE: BC1002_7028
            BPX: BUPH_04694
            PTS: CUJ90_25605
            BUO: BRPE64_BCDS01870
            BPT: Bpet0241
            BBRO: BAU06_19945
            BFZ: BAU07_03335
            BOH: AKI39_19175
            BGM: CAL15_19670
            AXY: AXYL_00243
            AXO: NH44784_045701
            AXN: AX27061_2747
            AXX: ERS451415_02728(pelA)
            ADT: APT56_14665
            AIS: BUW96_26970
            ASW: CVS48_04695
            ACHR: C2U31_00765
            ACHB: DVB37_01185
            PUS: CKA81_10105
            ODI: ODI_R1001
            RHY: RD110_11905
            AAV: Aave_3434
            AAA: Acav_3299
            RDP: RD2015_1078 RD2015_2525 RD2015_2565
            MIU: ABE85_15710
            MASS: CR152_07975 CR152_19440 CR152_27380 CR152_28120 CR152_30575
            MTIM: DIR46_25275
            MASY: DPH57_05020 DPH57_08300
            MANC: IV454_13930 IV454_17765 IV454_19170 IV454_20390 IV454_28060
            MASZ: C9I28_13345
            MALI: EYF70_00350 EYF70_16920
            MUM: FCL38_01440
            MFLA: GO485_03500 GO485_03510
            MPLI: E1742_00915
            DUG: HH213_12190 HH213_26440
            RGU: A4W93_15815
            NIV: JY500_20520
            BEBA: BWI17_20475
            DVE: DESUT3_26440
            AVM: JQX13_21565 JQX13_40125
            CFUS: CYFUS_007632 CYFUS_008663 CYFUS_009082
            SCL: sce4816(pelB) sce5832 sce6839(pelA)
            SCU: SCE1572_20595 SCE1572_34520 SCE1572_34750 SCE1572_35670
            PAUU: E8A73_005015 E8A73_005020 E8A73_005040 E8A73_005110 E8A73_005115
            BBAE: FRD01_22785
            SME: SM_b21239
            SMK: Sinme_4960
            SMQ: SinmeB_3919
            SMX: SM11_pC0094 SM11_pD0849
            SMI: BN406_05911
            SMEG: C770_GR4pD0836
            SMEL: SM2011_b21239
            SMER: DU99_29675
            SMD: Smed_4572 Smed_6139
            RHI: NGR_b12120
            SFH: SFHH103_05854
            SFD: USDA257_c32270
            SAME: SAMCFNEI73_pC0803
            SINO: SS05631_b59780
            EMX: FKV68_32405
            KAI: K32_25370
            LNE: FZC33_02005
            MEA: Mex_1p4514
            MDI: METDI5120
            MEX: Mext_4126
            MCH: Mchl_4494
            MZA: B2G69_02540
            MIND: mvi_20820 mvi_20900
            MLG: CWB41_07240
            NTD: EGO55_16180
            PARO: CUV01_13955
            NDR: HT578_04875
            SPKC: KC8_17130
            SINB: SIDU_15920
            SCH: Sphch_2198
            SYB: TZ53_03685
            SPHT: K426_20910
            SBAR: H5V43_14315
            SPHS: ETR14_17020
            AAY: WYH_01802
            PNS: A9D12_11280
            BSU: BSU07560(pel)
            BSR: I33_0847
            BSL: A7A1_0657
            BSH: BSU6051_07560(pel)
            BSY: I653_03790
            BSUT: BSUB_00830(pel)
            BSUL: BSUA_00830(pel)
            BSUS: Q433_04265
            BSO: BSNT_07133(pel)
            BSN: BSn5_15680
            BSQ: B657_07560(pel)
            BSX: C663_0779(pel)
            BSP: U712_03835
            BSS: BSUW23_03840(pel)
            BST: GYO_1020
            BLI: BL00947 BL03760(pel)
            BLD: BLi01404(pel) BLi04129(pelA)
            BLH: BaLi_c15450(pel) BaLi_c41260(pelA)
            BAY: RBAM_007720
            BAQ: BACAU_0741(pel)
            BYA: BANAU_0687(pel)
            BAMP: B938_03665
            BQY: MUS_0758(pel)
            BAML: BAM5036_0685(pel)
            BAMA: RBAU_0744(pel)
            BAMN: BASU_0721(pel)
            BAMB: BAPNAU_0696(pel)
            BAMT: AJ82_04280
            BAMY: V529_07080(pel)
            BMP: NG74_00761(pel)
            BAO: BAMF_0717(pel)
            BAZ: BAMTA208_03390(pel)
            BQL: LL3_00769(pel)
            BXH: BAXH7_00714(pel)
            BAMI: KSO_015960
            BAMC: U471_07520
            BAMF: U722_03795
            BSIA: CWD84_18200
            BAE: BATR1942_01360
            BVM: B9C48_03805
            BSON: S101395_00272 S101395_03448
            BHT: DIC78_06015
            BMOJ: HC660_08000(pelA)
            BTEQ: G4P54_03965
            BIQ: AN935_03945
            BPU: BPUM_3515
            BPUM: BW16_18625
            BPUS: UP12_18040
            BGY: BGLY_1397 BGLY_4478(pel2)
            BXI: BK049_09375 BK049_11025
            BALT: CFN77_18555
            BSAF: BSL056_19170
            BIT: BIS30_14385
            BCAB: EFK13_04320
            BRY: M0696_04295
            BJS: MY9_0846
            BACW: QR42_17605
            BACP: SB24_06025
            BACB: OY17_06485
            BACY: QF06_02675
            BACL: BS34A_08530(pel)
            BALM: BsLM_0793
            BACS: AUL54_06985
            BEO: BEH_10455
            BHA: BH0698 BH3819
            BCL: ABC0063(pelB)
            BGI: BGM20_18960
            GRC: GI584_19500
            MEKU: HUW50_21610
            MLIT: KDJ21_025795
            GYM: GYMC10_0283 GYMC10_3035 GYMC10_3050
            PPY: PPE_00241 PPE_03469
            PPM: PPSC2_18545(pel1)
            PPO: PPM_3731(pel1)
            PPOL: X809_00940 X809_34585
            PPQ: PPSQR21_002420(pelB) PPSQR21_037180
            PPOY: RE92_18705
            PMS: KNP414_00435 KNP414_00866 KNP414_03678 KNP414_04657
            PMQ: PM3016_1073 PM3016_382 PM3016_4066 PM3016_761
            PMW: B2K_01955 B2K_03885 B2K_05465 B2K_21125
            PTA: HPL003_08535 HPL003_08820 HPL003_27060
            PBD: PBOR_01025
            POD: PODO_01005
            PAEQ: R50912_01065
            PAEA: R70723_01010
            PAEE: R70331_00965
            PAEJ: H70737_01080
            PRI: PRIO_0316
            PPEO: ABE82_01255 ABE82_18485
            PBV: AR543_06450
            PXL: BS614_01590
            PDH: B9T62_11725
            PKB: B4V02_07100 B4V02_23805 B4V02_24245
            PAIH: ASL14_10645 ASL14_19815
            PLW: D5F53_28165
            PLEN: EIM92_10995
            PBAC: HUB98_15725
            PTRI: KDC22_01135
            PTJ: JRJ22_01155
            LNG: BSQ50_05000
            BOG: MOO47_02355
            LCI: LCK_00931(pel)
            LKI: LKI_06180
            LEC: LGMK_05955
            LLF: BCR17_07810
            MPS: MPTP_1720
            CCB: Clocel_1172
            CLB: Clo1100_2686
            CSB: CLSA_c38320
            CLT: CM240_3152
            CTH: Cthe_2179 Cthe_2950
            CTX: Clo1313_0501 Clo1313_2843
            HSC: HVS_04885(pelA)
            CCE: Ccel_2243
            RHER: EHE19_014730
            RCH: RUM_11790
            BPB: bpr_I2372(pel1A)
            CLE: Clole_0688
            CEW: EKH84_06810
            ACEL: acsn021_15790
            EEL: EUBELI_01250
            VAT: B7L28_08975
            SELE: ADJ74_05040
            SELO: AXE86_04875
            TSG: HLK68_04945
            AOC: Aocu_11680
            ABRA: BN85302810
            APAL: BN85408950
            SCO: SCO1880(SCI39.27c) SCO2821(SCBAC17F8.12c)
            SMA: SAVERM_6375
            SGR: SGR_216 SGR_217
            SCB: SCAB_44901 SCAB_70521 SCAB_70551 SCAB_82421
            SSX: SACTE_1302 SACTE_1312 SACTE_5978
            SVL: Strvi_5407 Strvi_7573
            SRC: M271_02395 M271_33250 M271_45375
            SMAL: SMALA_2404
            SSOI: I1A49_15095 I1A49_40985
            SFA: Sfla_1416 Sfla_4931
            SBH: SBI_03542 SBI_07422 SBI_08109 SBI_08113 SBI_08116
            SVE: SVEN_0185 SVEN_6618 SVEN_7080
            SDV: BN159_6622(pel) BN159_7504
            STRP: F750_1751 F750_5465
            SFI: SFUL_2906 SFUL_2908
            SLV: SLIV_23560 SLIV_28315
            SGU: SGLAU_08420 SGLAU_15935 SGLAU_30580
            SCW: TU94_07995 TU94_08010 TU94_08030 TU94_17770 TU94_29935
            SXI: SXIM_08540 SXIM_11950 SXIM_28100 SXIM_53240
            STRC: AA958_05455 AA958_31685
            SAMB: SAM23877_1954(pel) SAM23877_2869
            SPRI: SPRI_0812 SPRI_0875 SPRI_1529
            SCZ: ABE83_05165
            SCX: AS200_33775 AS200_38255
            SRW: TUE45_01468(pel_1) TUE45_02368(pel_2) TUE45_03929(pel_3) TUE45_04690(pelA_2)
            STRF: ASR50_09155 ASR50_10885
            SLE: sle_02110(sle_02110) sle_08180(sle_08180) sle_13560(sle_13560) sle_13570(sle_13570) sle_13580(sle_13580) sle_13590(sle_13590) sle_38060(sle_38060) sle_52470(sle_52470) sle_52510(sle_52510) sle_52540(sle_52540)
            SRN: A4G23_00035(pel_1) A4G23_01105(pel_2) A4G23_02893(pel_3)
            SPAV: Spa2297_07500 Spa2297_12045
            STSI: A4E84_08330 A4E84_09515 A4E84_09530 A4E84_09545 A4E84_09565 A4E84_18660
            SGM: GCM10017557_02230 GCM10017557_63780
            SLS: SLINC_2158 SLINC_2161 SLINC_2164 SLINC_2168 SLINC_3967 SLINC_4361 SLINC_7757
            SNR: SNOUR_42125(pel)
            STRD: NI25_24680 NI25_29800
            SAUO: BV401_15395
            SSIA: A7J05_04920 A7J05_06415 A7J05_32285
            SGE: DWG14_06517(pel) DWG14_07522(pelE)
            SGD: ELQ87_18775 ELQ87_30130 ELQ87_35405
            SCYA: EJ357_05395 EJ357_10840
            SAST: CD934_13875 CD934_24360 CD934_26215
            SNQ: CP978_04155 CP978_09080
            SGZ: C0216_15275
            SNK: CP967_04360 CP967_12130 CP967_12135 CP967_26835
            SHAW: CEB94_08755 CEB94_09975 CEB94_09990 CEB94_10010 CEB94_19185
            SGAL: CP966_08080 CP966_08095 CP966_08115 CP966_16950 CP966_18755
            SPAD: DVK44_00035 DVK44_00310
            SFY: GFH48_30710
            SAQU: EJC51_12570
            SPHV: F9278_03730 F9278_05490 F9278_09455 F9278_09490 F9278_24655
            SFUG: CNQ36_08155 CNQ36_09970 CNQ36_16120
            SPAC: B1H29_23330 B1H29_28045 B1H29_28060
            SCHA: CP983_22900 CP983_33245 CP983_33260 CP983_42660
            SGX: H4W23_33670 H4W23_37040
            SCOE: CP976_05245 CP976_10700 CP976_10715 CP976_10730 CP976_10750 CP976_20600 CP976_24720
            SNF: JYK04_07302(pel)
            STUI: GCM10017668_14790
            SHUN: DWB77_00480(pel_1) DWB77_07129(pel_2) DWB77_07138(pelA)
            SHAR: HUT13_01780 HUT13_01885 HUT13_04835 HUT13_06750 HUT13_14650
            SFEU: IM697_02875 IM697_12750 IM697_12770 IM697_12785 IM697_17840 IM697_24425
            SVD: CP969_10455 CP969_12250
            SFB: CP974_00255 CP974_05730 CP974_15650
            SPRA: CP972_08520 CP972_16910 CP972_27195
            SROI: IAG44_19435 IAG44_22265 IAG44_30960 IAG44_30980 IAG44_30995
            SGJ: IAG43_14595 IAG43_28660 IAG43_28710
            SHK: J2N69_01745
            SDD: D9753_04550 D9753_17240 D9753_19010 D9753_27255
            SACT: DMT42_01050 DMT42_08680 DMT42_18230
            SMAO: CAG99_00800 CAG99_14205 CAG99_17225 CAG99_23460
            SLF: JEQ17_21740 JEQ17_24045 JEQ17_35460 JEQ17_35480 JEQ17_35495 JEQ17_44005
            SDEC: L3078_05210 L3078_06935 L3078_07050 L3078_10950 L3078_10965 L3078_10985 L3078_23470
            STRI: C7M71_025640
            CMC: CMN_02654
            RTX: TI83_10040
            RTC: APU90_07025
            RTE: GSU10_11045
            AGX: AGREI_0463
            ARR: ARUE_c02340(pme)
            AAU: AAur_0236 AAur_0237
            ACH: Achl_0495 Achl_0496 Achl_1178 Achl_3821
            APN: Asphe3_38540
            GAR: AOZ07_15125
            BGG: CFK41_01755 CFK41_01760 CFK41_01765
            IVA: Isova_0026 Isova_0504
            IDO: I598_2089(pelA_1) I598_2468(pel_1) I598_2471(pel_2) I598_3112(pelA_2) I598_3113(pelA_3)
            CCEU: CBR64_07830 CBR64_18755
            CFI: Celf_0807 Celf_3775
            CEZ: CBP52_05615
            CELZ: E5225_00210 E5225_06305
            CEJ: GC089_00165 GC089_06745
            CELH: GXP71_16230
            CPAL: F1D97_11710 F1D97_12435
            MIK: FOE78_16145
            PRV: G7070_09965
            BRT: J4N02_16120
            TFU: Tfu_0153 Tfu_2168
            THAO: NI17_000765 NI17_013425 NI17_021115
            TALX: FOF52_10840 FOF52_18255
            NDA: Ndas_2941 Ndas_5013
            NAL: B005_3405
            NEX: NE857_04660 NE857_09505 NE857_10665 NE857_26440 NE857_27950
            STRR: EKD16_08525(pelA) EKD16_18670(pel)
            TCU: Tcur_2436
            ACTW: F7P10_05035
            SRO: Sros_1493 Sros_6915
            NOA: BKM31_30455 BKM31_31150 BKM31_32270 BKM31_37605 BKM31_49505
            NOW: GBF35_12210 GBF35_13850 GBF35_13885 GBF35_50665
            NCX: Nocox_11360(pel1) Nocox_19410(pel2) Nocox_25950(pelA)
            NGN: LCN96_12965 LCN96_14720 LCN96_31055 LCN96_51995
            TBI: Tbis_1087
            AMD: AMED_4436(pel)
            AMN: RAM_22590
            AMM: AMES_4382(pel)
            AMZ: B737_4382(pel)
            AAB: A4R43_00200
            AMYY: YIM_15815(pel) YIM_34970(pelA2)
            AORI: SD37_23555 SD37_23560
            APRT: MUY14_15180
            APRE: CNX65_09230 CNX65_19805
            AMI: Amir_1843 Amir_1848 Amir_3958 Amir_4199
            SSYI: EKG83_12150 EKG83_13635 EKG83_22485 EKG83_22490 EKG83_22495 EKG83_34665
            LED: BBK82_35425 BBK82_35430 BBK82_35435 BBK82_35440 BBK82_37750 BBK82_37755 BBK82_39470 BBK82_39500
            AHM: TL08_04085 TL08_18855 TL08_20690 TL08_20695
            ACTI: UA75_24315 UA75_24320
            ACAD: UA74_23810 UA74_23815
            AHG: AHOG_21740(pel) AHOG_21745(pelA)
            ACTA: C1701_02785 C1701_03140 C1701_16000
            MAU: Micau_2999 Micau_3552 Micau_3623
            MIL: ML5_4775 ML5_4844 ML5_5388
            MICB: MicB006_2606 MicB006_2958 MicB006_6118
            MTUA: CSH63_07310 CSH63_10090
            MICH: FJK98_07560 FJK98_08165 FJK98_16020
            MCAB: HXZ27_09055 HXZ27_13160 HXZ27_13740 HXZ27_14405
            MSAG: GCM10017556_00620 GCM10017556_04910 GCM10017556_41040 GCM10017556_47840 GCM10017556_57970(pel) GCM10017556_57980
            VMA: VAB18032_12350 VAB18032_24045 VAB18032_24050
            MCRA: ID554_04330 ID554_26175 ID554_26180
            ASE: ACPL_2701 ACPL_5020 ACPL_5377(pel)
            AMS: AMIS_10380 AMIS_23870 AMIS_25240 AMIS_43970 AMIS_43980 AMIS_43990 AMIS_55080 AMIS_58590
            ACTN: L083_3725(pel) L083_5487 L083_5627
            AFS: AFR_15795 AFR_17875 AFR_26285
            ACTS: ACWT_2845 ACWT_4890 ACWT_5246
            AIH: Aiant_07070 Aiant_11860(pel) Aiant_40910 Aiant_76860
            PLK: CIK06_07910 CIK06_15410 CIK06_15415 CIK06_24660
            PLAB: C6361_01120 C6361_10610 C6361_10615 C6361_21900 C6361_22340 C6361_24760 C6361_24765 C6361_25915 C6361_32390
            PLAT: C6W10_07710 C6W10_07715 C6W10_12935 C6W10_16860 C6W10_17295 C6W10_20560 C6W10_31010 C6W10_33430 C6W10_33435
            PFLA: Pflav_002010 Pflav_035790(pelA) Pflav_042060 Pflav_048560 Pflav_066700 Pflav_066710 Pflav_066720 Pflav_066730(pel_2) Pflav_085340 Pflav_085350
            PSUU: Psuf_028780 Psuf_028790 Psuf_028800 Psuf_028810(pel) Psuf_035190 Psuf_048260 Psuf_048270 Psuf_051090 Psuf_055710 Psuf_078280
            VER: HUT12_08640 HUT12_20910 HUT12_20915
            PRY: Prubr_13010 Prubr_13020 Prubr_13030 Prubr_19160 Prubr_30590(pel) Prubr_30600 Prubr_46270 Prubr_52980 Prubr_52990 Prubr_60170(pelA) Prubr_69520 Prubr_72790
            CATI: CS0771_20230(pel) CS0771_20240 CS0771_20260 CS0771_26150 CS0771_26160 CS0771_28800 CS0771_49500 CS0771_62740 CS0771_68410
            DVC: Dvina_26670 Dvina_33205 Dvina_38710
            NHY: JQS43_05385 JQS43_05390 JQS43_16595
            CCAZ: COUCH_22610 COUCH_24170
            GLY: K3N28_02615 K3N28_03925 K3N28_03930 K3N28_23100
            HAU: Haur_3461
            VBH: CMV30_08015 CMV30_08195 CMV30_08205
            RBA: RB5316
            PIR: VN12_16750
            MFF: MFFC18_14670(pelA)
            LCRE: Pla8534_47530(pelA)
            PLS: VT03_24805
            TBE: Trebr_2555
            TRC: DYE49_00120
            SCD: Spica_0054
            ABAC: LuPra_01386(pel)
            LEQ: BCB68_05825
            LWD: JCM16777_1285
            FSU: Fisuc_0174 Fisuc_2363 Fisuc_2481 Fisuc_2565
            FSC: FSU_0577 FSU_3135
            TOH: BCB71_08035
            DUN: FDZ78_02235
            PRU: PRU_0496
            PHIS: J5A62_05750
            PBY: L6471_11510
            ASX: CDL62_08580 CDL62_11965
            CFIL: MYF79_17285
            NKO: Niako_4603
            FLN: FLA_1427 FLA_2712
            PEP: AQ505_09905
            PCM: AY601_1585
            PSTY: BFS30_01275
            PGS: CPT03_06325
            PSN: Pedsa_0831
            SPDR: G6053_07830
            MUC: MuYL_2867
            MRUB: DEO27_006280
            MGOS: DIU38_006595
            SBX: CA265_07975
            EVI: Echvi_2701
            ECHI: FKX85_12890
            HSW: Hsw_1036
            HBN: GUY19_07095 GUY19_11985
            FJO: Fjoh_1231 Fjoh_2566
            FJG: BB050_00082(pelE) BB050_01400(pel) BB050_04246(pelA)
            FKI: FK004_13740
            FCR: HYN56_06215 HYN56_14045 HYN56_14920
            FSN: GS03_00918 GS03_00919 GS03_02401 GS03_02404
            FNK: E1750_12125 E1750_12220
            FFL: HYN86_11955 HYN86_12880
            FEN: J0383_02560
            CSPU: CGC55_11055
            POB: LPB03_10130
            TAJ: C1A40_02085
            MARF: CJ739_2083 CJ739_2970
            FBA: FIC_01874 FIC_01877
            CHH: A0O34_05085 A0O34_18045
            CIL: EG358_04595
            CCAU: EG346_14210
            CBP: EB354_09455
            CNP: M0D58_07905
            KBE: J4771_07110
            EZE: KI430_01320
            EFAL: FH779_10620
            MRO: MROS_0560
            TMA: TM0433
            TMM: Tmari_0430
            TMI: THEMA_02560
            TMW: THMA_0439
            TMQ: THMB_0439
            TMX: THMC_0439
            TRQ: TRQ2_0511
            THQ: T2812B_02545 T2812B_02575
            THR: TRQ7_02685
            TLE: Tlet_1137
            DTH: DICTH_0315
            DTU: Dtur_0430 Dtur_0431 Dtur_0435
            HALG: HUG10_15300
            HTU: Htur_4786
REFERENCE   PMID:12443532 (EC:4.2.2.22)
  AUTHORS   Kluskens LD, van Alebeek GJ, Voragen AG, de Vos WM, van der Oost J
  TITLE     Molecular and biochemical characterization of the thermoactive family 1 pectate lyase from the hyperthermophilic bacterium Thermotoga maritima.
  JOURNAL   Biochem J 370:651-9 (2003)
            DOI:10.1042/BJ20021595
  SEQUENCE  [tma:TM0433]
///
